42: 9 14 | 10 1
9: 14 27 | 1 26
10: 23 14 | 28 1
1: "a"
11: 42 31
5: 1 14 | 15 1
19: 14 1 | 14 14
12: 24 14 | 19 1
16: 15 1 | 14 14
31: 14 17 | 1 13
6: 14 14 | 1 14
2: 1 24 | 14 4
0: 8 11
13: 14 3 | 1 12
15: 1 | 14
17: 14 2 | 1 7
23: 25 1 | 22 14
28: 16 1
4: 1 1
20: 14 14 | 1 15
3: 5 14 | 16 1
27: 1 6 | 14 18
14: "b"
21: 14 1 | 1 14
25: 1 1 | 1 14
22: 14 14
8: 42 8
26: 14 22 | 1 20
18: 15 15
7: 14 5 | 1 21
24: 14 1
1000: 1001 | 1002
1001: 1003 | 1004
1002: 1005 | 1006
1003: 1007 | 1008
1004: 1009 | 1010
1005: 1011 | 1012
1006: 1013 | 1014
1007: 1015 | 1016
1008: 1017 | 1018
1009: 1019 | 1020
1010: 1021 | 1022
1011: 1023 | 1024
1012: 1025 | 1026
1013: 1027 | 1028
1014: 1029 | 1030
1015: 1031 | 1032
1016: 1033 | 1034
1017: 1035 | 1036
1018: 1037 | 1038
1019: 1039 | 1040
1020: 1041 | 1042
1021: 1043 | 1044
1022: 1045 | 1046
1023: 1047 | 1048
1024: 1049 | 1050
1025: 1051 | 1052
1026: 1053 | 1054
1027: 1055 | 1056
1028: 1057 | 1058
1029: 1059 | 1060
1030: 1061 | 1062
1031: 42
1032: 42 42
1033: 42 42 42
1034: 42 42 42 42
1035: 42 42 42 42 42
1036: 42 42 42 42 42 42
1037: 42 42 42 42 42 42 42
1038: 42 42 42 42 42 42 42 42
1039: 42 42 42 42 42 42 42 42 42
1040: 42 42 42 42 42 42 42 42 42 42
1041: 42 42 42 42 42 42 42 42 42 42 42
1042: 42 42 42 42 42 42 42 42 42 42 42 42
1043: 42 42 42 42 42 42 42 42 42 42 42 42 42
1044: 42 42 42 42 42 42 42 42 42 42 42 42 42 42
1045: 42 42 42 42 42 42 42 42 42 42 42 42 42 42 42
1046: 42 42 42 42 42 42 42 42 42 42 42 42 42 42 42 42
1047: 42 42 42 42 42 42 42 42 42 42 42 42 42 42 42 42 42
1048: 42 42 42 42 42 42 42 42 42 42 42 42 42 42 42 42 42 42
1049: 42 42 42 42 42 42 42 42 42 42 42 42 42 42 42 42 42 42 42
1050: 42 42 42 42 42 42 42 42 42 42 42 42 42 42 42 42 42 42 42 42
1051: 42 42 42 42 42 42 42 42 42 42 42 42 42 42 42 42 42 42 42 42 42
1052: 42 42 42 42 42 42 42 42 42 42 42 42 42 42 42 42 42 42 42 42 42 42
1053: 42 42 42 42 42 42 42 42 42 42 42 42 42 42 42 42 42 42 42 42 42 42 42
1054: 42 42 42 42 42 42 42 42 42 42 42 42 42 42 42 42 42 42 42 42 42 42 42 42
1055: 42 42 42 42 42 42 42 42 42 42 42 42 42 42 42 42 42 42 42 42 42 42 42 42 42
1056: 42 42 42 42 42 42 42 42 42 42 42 42 42 42 42 42 42 42 42 42 42 42 42 42 42 42
1057: 42 42 42 42 42 42 42 42 42 42 42 42 42 42 42 42 42 42 42 42 42 42 42 42 42
42 42
1058: 42 42 42 42 42 42 42 42 42 42 42 42 42 42 42 42 42 42 42 42 42 42 42 42 42
42 42 42
1059: 42 42 42 42 42 42 42 42 42 42 42 42 42 42 42 42 42 42 42 42 42 42 42 42 42
42 42 42 42
1060: 42 42 42 42 42 42 42 42 42 42 42 42 42 42 42 42 42 42 42 42 42 42 42 42 42
42 42 42 42 42
1061: 42 42 42 42 42 42 42 42 42 42 42 42 42 42 42 42 42 42 42 42 42 42 42 42 42
42 42 42 42 42 42
1062: 42 42 42 42 42 42 42 42 42 42 42 42 42 42 42 42 42 42 42 42 42 42 42 42 42
42 42 42 42 42 42 42
2000: 2001 | 2002
2001: 2003 | 2004
2002: 2005 | 2006
2003: 2007 | 2008
2004: 2009 | 2010
2005: 2011 | 2012
2006: 2013 | 2014
2007: 2015 | 2016
2008: 2017 | 2018
2009: 2019 | 2020
2010: 2021 | 2022
2011: 2023 | 2024
2012: 2025 | 2026
2013: 2027 | 2028
2014: 2029 | 2030
2015: 2031 | 2032
2016: 2033 | 2034
2017: 2035 | 2036
2018: 2037 | 2038
2019: 2039 | 2040
2020: 2041 | 2042
2021: 2043 | 2044
2022: 2045 | 2046
2023: 2047 | 2048
2024: 2049 | 2050
2025: 2051 | 2052
2026: 2053 | 2054
2027: 2055 | 2056
2028: 2057 | 2058
2029: 2059 | 2060
2030: 2061 | 2062
2031: 
2032: 42 31 
2033: 42 42 31 31 
2034: 42 42 42 31 31 31 
2035: 42 42 42 42 31 31 31 31 
2036: 42 42 42 42 42 31 31 31 31 31 
2037: 42 42 42 42 42 42 31 31 31 31 31 31 
2038: 42 42 42 42 42 42 42 31 31 31 31 31 31 31 
2039: 42 42 42 42 42 42 42 42 31 31 31 31 31 31 31 31 
2040: 42 42 42 42 42 42 42 42 42 31 31 31 31 31 31 31 31 31 
2041: 42 42 42 42 42 42 42 42 42 42 31 31 31 31 31 31 31 31 31 31 
2042: 42 42 42 42 42 42 42 42 42 42 42 31 31 31 31 31 31 31 31 31 31 31 
2043: 42 42 42 42 42 42 42 42 42 42 42 42 31 31 31 31 31 31 31 31 31 31 31 31 
2044: 42 42 42 42 42 42 42 42 42 42 42 42 42 31 31 31 31 31 31 31 31 31 31 31 31 31 
2045: 42 42 42 42 42 42 42 42 42 42 42 42 42 42 31 31 31 31 31 31 31 31 31 31 31 31 31 31 
2046: 42 42 42 42 42 42 42 42 42 42 42 42 42 42 42 31 31 31 31 31 31 31 31 31 31 31 31 31 31 31 
2047: 42 42 42 42 42 42 42 42 42 42 42 42 42 42 42 42 31 31 31 31 31 31 31 31 31 31 31 31 31 31 31 31 
2048: 42 42 42 42 42 42 42 42 42 42 42 42 42 42 42 42 42 31 31 31 31 31 31 31 31 31 31 31 31 31 31 31 31 31 
2049: 42 42 42 42 42 42 42 42 42 42 42 42 42 42 42 42 42 42 31 31 31 31 31 31 31 31 31 31 31 31 31 31 31 31 31 31 
2050: 42 42 42 42 42 42 42 42 42 42 42 42 42 42 42 42 42 42 42 31 31 31 31 31 31 31 31 31 31 31 31 31 31 31 31 31 31 31 
2051: 42 42 42 42 42 42 42 42 42 42 42 42 42 42 42 42 42 42 42 42 31 31 31 31 31 31 31 31 31 31 31 31 31 31 31 31 31 31 31 31 
2052: 42 42 42 42 42 42 42 42 42 42 42 42 42 42 42 42 42 42 42 42 42 31 31 31 31 31 31 31 31 31 31 31 31 31 31 31 31 31 31 31 31 31 
2053: 42 42 42 42 42 42 42 42 42 42 42 42 42 42 42 42 42 42 42 42 42 42 31 31 31 31 31 31 31 31 31 31 31 31 31 31 31 31 31 31 31 31 31 31 
2054: 42 42 42 42 42 42 42 42 42 42 42 42 42 42 42 42 42 42 42 42 42 42 42 31 31 31 31 31 31 31 31 31 31 31 31 31 31 31 31 31 31 31 31 31 31 31 
2055: 42 42 42 42 42 42 42 42 42 42 42 42 42 42 42 42 42 42 42 42 42 42 42 42 31 31 31 31 31 31 31 31 31 31 31 31 31 31 31 31 31 31 31 31 31 31 31 31 
2056: 42 42 42 42 42 42 42 42 42 42 42 42 42 42 42 42 42 42 42 42 42 42 42 42 42 31 31 31 31 31 31 31 31 31 31 31 31 31 31 31 31 31 31 31 31 31 31 31 31 31 
2057: 42 42 42 42 42 42 42 42 42 42 42 42 42 42 42 42 42 42 42 42 42 42 42 42 42 42 31 31 31 31 31 31 31 31 31 31 31 31 31 31 31 31 31 31 31 31 31 31 31 31 31 31 
2058: 42 42 42 42 42 42 42 42 42 42 42 42 42 42 42 42 42 42 42 42 42 42 42 42 42 42 42 31 31 31 31 31 31 31 31 31 31 31 31 31 31 31 31 31 31 31 31 31 31 31 31 31 31 31 
2059: 42 42 42 42 42 42 42 42 42 42 42 42 42 42 42 42 42 42 42 42 42 42 42 42 42 42 42 42 31 31 31 31 31 31 31 31 31 31 31 31 31 31 31 31 31 31 31 31 31 31 31 31 31 31 31 31 
2060: 42 42 42 42 42 42 42 42 42 42 42 42 42 42 42 42 42 42 42 42 42 42 42 42 42 42 42 42 42 31 31 31 31 31 31 31 31 31 31 31 31 31 31 31 31 31 31 31 31 31 31 31 31 31 31 31 31 31 
2061: 42 42 42 42 42 42 42 42 42 42 42 42 42 42 42 42 42 42 42 42 42 42 42 42 42 42 42 42 42 42 31 31 31 31 31 31 31 31 31 31 31 31 31 31 31 31 31 31 31 31 31 31 31 31 31 31 31 31 31 31 
2062: 42 42 42 42 42 42 42 42 42 42 42 42 42 42 42 42 42 42 42 42 42 42 42 42 42 42 42 42 42 42 42 31 31 31 31 31 31 31 31 31 31 31 31 31 31 31 31 31 31 31 31 31 31 31 31 31 31 31 31 31 31 31 


abbbbbabbbaaaababbaabbbbabababbbabbbbbbabaaaa
bbabbbbaabaabba
babbbbaabbbbbabbbbbbaabaaabaaa
aaabbbbbbaaaabaababaabababbabaaabbababababaaa
bbbbbbbaaaabbbbaaabbabaaa
bbbababbbbaaaaaaaabbababaaababaabab
ababaaaaaabaaab
ababaaaaabbbaba
baabbaaaabbaaaababbaababb
abbbbabbbbaaaababbbbbbaaaababb
aaaaabbaabaaaaababaa
aaaabbaaaabbaaa
aaaabbaabbaaaaaaabbbabbbaaabbaabaaa
babaaabbbaaabaababbaabababaaab
aabbbbbaabbbaaaaaabbbbbababaaaaabbaaabba
